Output_every: 10
// The column headers in this file can be edited and determine the output for the next run.
Var: 	 time_years              	 integrity               	
Data:	 0.0                     	 1.00000000              	
Data:	 6.27853881e-3           	 1.00000000              	
Data:	 1.19863014e-2           	 1.00000000              	
Data:	 1.76940639e-2           	 1.00000000              	
Data:	 2.34018265e-2           	 1.00000000              	
